3603 
1583 2735 
4345 
4351 
2360 
1771 
1810 
0019 
4299 
1898 
0016 
1959 
2041 
3232 4348 
2266 
2465 
1772 
3521 
2509 
0897 
0811 3602 4297 
2590 
2586 2655 2671 2691 
0765 1693 2593 2737 2757 
1697 1737 1943 2000 2281 
0406 
0009 0021 3172 3190 3219 3234 
2576 
0172 0407 0766 0812 1695 
2785 
2802 
2908 
3170 
3288 
3524 
1601 
3367 
0011 
3700 
4001 
0814 
4150 
4343 
1621 
0536 
0284 
0092 0199 0222 0236 0395 0471 0658 0682 
0093 0211 0258 0313 0334 0363 0497 0513 0518 0638 0668 0709 0730 1027 
0358 
0501 
4338 
0768 
1611 
0606 2295 2403 3348 
0409 0945 
3606 
3188 
0098 0206 
0834 
1941 2279 2359 3217 
1002 
1735 
0900 
0923 
4340 
1114 
1307 
0107 0153 0173 0307 0319 0563 0631 0652 0724 0734 0788 0804 0818 0822 0846 0904 0924 0928 0948 1056 1095 1119 1126 1143 1152 1220 1274 1301 1310 1315 1394 1426 1432 1437 1499 1528 1560 1564 1595 1604 1615 1652 1700 1788 1938 2019 2068 2164 2182 2468 2571 2706 2869 3003 3112 3214 3420 3437 3458 3477 3545 3580 3710 3740 3793 3832 3898 3916 4010 4014 4089 4103 4129 4144 4207 4263 4371 
1320 
3007 
0938 1037 2003 2891 
1085 
0378 
2006 2014 
1456 
0302 
0084 
4375 
1001 
3289 
0069 1910 2505 3039 
3184 
4017 
4198 
2884 
3583 3861 
0884 4332 
2163 
4415 
0374 1393 2738 3173 3718 
2673 3274 4142 
0798 2484 2951 4166 4177 
1522 
1117 2748 
0179 
1745 1840 2287 2557 2710 3321 3604 4032 
0538 1703 3878 
4242 
2354 2672 3888 
4300 
1177 1204 1273 3309 
0741 0770 0799 1239 1457 1972 2428 2596 3120 4048 4280 4288 4394 
1867 3162 
3745 
0003 0058 0066 0128 0167 0457 0601 0659 0743 0782 0850 0931 1010 1024 1081 1234 1251 1423 1440 1515 1614 1639 1672 1691 1749 1798 1802 1855 1944 2022 2034 2098 2153 2203 2209 2347 2353 2427 2455 2467 2500 2534 2555 2602 2632 2720 2758 2773 2850 2866 2897 2933 2993 3078 3264 3317 3387 3465 3506 3577 3654 3676 3743 3760 3807 3836 3892 3921 4039 4045 4081 4132 4193 
0387 0528 0556 1520 2336 2529 3017 3499 3893 4322 4398 
2740 
0808 
0004 0052 1299 2221 
2429 
0797 4289 
0274 0719 1399 2981 3291 3706 4363 
0298 0423 0674 1324 
0090 0229 0264 0701 3167 3586 
0715 0886 1128 4281 4331 4378 
1535 
2370 
3171 
1253 1765 3924 4027 
2269 
3452 
3894 
1263 4052 
3641 3688 
0262 0306 0309 0318 0338 0445 0523 0572 0687 0775 1094 1151 1229 1425 1479 1537 2065 2067 2143 2382 2868 3002 3138 3213 3277 3410 3490 3578 3627 3678 3765 3777 3884 4013 
0597 0975 1064 1075 1340 
2492 3503 
0784 
0220 
0070 0756 0921 1067 1155 1185 2293 2393 2709 3036 3222 3414 3498 3999 
3121 
2824 
1690 1736 
3329 4336 
0947 
4232 
3657 
2598 
2743 
3478 3512 
3453 
2256 
0145 0227 0282 0559 0596 0721 0740 0990 1092 1122 1148 1180 1284 1355 1367 1403 1434 1445 1474 2039 2213 2797 3136 3293 3307 3436 3551 3585 3596 3763 3784 3852 3858 3868 3889 3904 3960 4036 4043 4099 4102 4392 
2728 
0369 1887 2187 2411 2676 3086 3642 4408 
0381 0429 0436 0492 0543 0857 0864 1559 1708 1885 1922 1982 2016 2026 2407 2834 2841 2949 2965 2977 3011 3325 3496 3733 3952 4197 4206 4224 4236 4366 
2934 3907 
0162 0183 0444 1590 2932 3724 
3492 
3484 
1744 2286 
0184 0454 0696 1689 2339 4125 
0403 0616 0644 1543 
1035 
2358 
4264 
0125 0464 1799 2055 2599 2928 3270 3373 
2950 
0248 1370 2168 2692 3409 
2782 
0311 0438 0527 1111 1323 1415 1447 1628 1644 1656 1870 1909 2018 2072 2121 2181 2247 2282 2563 2627 2637 2887 3144 3353 3372 3534 3553 3612 3624 3735 3862 3927 4119 4283 4333 
1987 2052 2381 2475 3212 3871 
0594 0781 1115 1235 1318 2037 3779 
3905 4138 
0097 0205 
0305 
1596 2350 2400 2426 3363 3594 3653 
2764 
3035 
0012 0105 0356 0425 0653 0891 1258 1272 1338 1350 1363 1409 1519 3058 3118 3180 3368 3566 4005 4137 4153 4360 4407 
2020 
1912 
2472 
2857 
2274 
1313 2526 4165 
0001 0050 1631 
3385 3674 
2252 2260 
0608 0759 1484 
4295 
0548 3783 4122 
0256 0332 
0790 0929 1500 1526 3759 3932 4021 4175 4270 4326 4372 4385 4410 
0029 0103 
0131 1805 1908 3833 3846 
0456 0698 
0078 0823 0840 1019 1377 1565 3794 
3175 
0096 0204 0911 
0373 1525 3831 4174 4388 
0293 3300 
0554 
1654 1681 1976 2572 2650 
2088 2113 2258 3239 
3020 
2483 
1776 4225 
1511 4018 4111 
3371 3533 
1255 
0106 0449 0656 1594 
2228 3265 
0774 
0727 
2458 
0067 3712 
0440 3730 
0879 
3619 
1578 
1395 
1123 3926 
1827 2694 
3876 4046 
1478 
3552 
3560 
2190 
1792 
3835 3934 4181 
0025 
1221 1505 
4097 
1191 2162 2212 3434 3450 3584 3959 4098 4250 4302 
0030 0328 0343 0880 1041 1871 2807 2936 3126 3145 3400 3613 3680 
0082 0118 0752 1098 1717 
0024 0182 0389 0443 0566 0828 0853 0930 1470 1501 1548 1589 2931 3018 3723 3909 4271 4286 4319 4327 
0208 0214 0225 0239 0261 0287 0316 0337 0354 0366 0398 0474 0500 0516 0521 0641 0671 0685 0712 0733 
0014 0898 3522 4349 
0550 
0056 0094 0202 0388 0909 3761 4072 
1869 2157 
0600 4316 
4339 4344 
0894 1328 3697 
0018 1940 2278 3231 
1144 1160 
0481 0689 0902 
0660 3070 
1958 2996 
1635 
1692 
0936 0951 1215 1227 1782 2523 
0017 0075 1036 3790 
2310 
0858 
0146 1386 2798 3440 
0578 3941 
1860 
0034 
0918 1205 
0291 0347 2703 3527 
1739 
3273 
2494 
1420 
4044 
3752 3848 
0459 0634 0849 4096 
0917 
0164 
0063 0108 0420 0451 0507 0703 0725 0735 0805 1316 1451 1585 1592 1789 1812 3741 4011 4191 4229 
0876 0937 1194 
0693 0747 1461 1794 4062 
0139 0289 0320 
3529 4123 
1422 3306 3659 3756 3850 
1232 
1653 2649 
3726 4054 
2377 2440 3352 
2707 
1864 2049 2827 3062 3066 3202 3209 3855 
4396 
0122 0322 1167 
1337 
0650 
1497 1933 
3617 3625 
0043 
1000 2839 3405 
1157 2787 
0007 0054 1668 2326 
2002 
0962 
1720 
0132 0585 0872 0970 0991 1201 1287 1345 1351 1374 1404 1806 3497 3869 3973 4107 
2880 3605 
0820 1562 4105 4209 
1770 1906 3000 
1371 3468 4218 
4399 
0068 0270 1380 1398 1424 1914 1916 1946 2273 2579 2912 3038 3048 3091 3105 3276 3380 3554 3621 3714 3883 3991 4041 
1131 
3085 
1767 2074 2111 2272 3316 
0462 0629 0830 1435 1555 3773 4094 
2178 
3461 
0744 1458 
3874 
1306 
2297 
2032 
1007 
0619 
1266 1335 1359 1514 2241 2519 2944 3015 3408 3536 3569 4080 4414 
0079 0824 1566 3795 4092 
1442 4050 
1172 
3464 4274 
1942 2280 
2645 2675 
0152 
0402 0615 0643 1542 1995 
2661 
0966 3013 4217 4273 
4187 
0242 1003 1060 1915 2077 2817 4248 
0575 3207 
0524 0717 2307 2517 
0041 
0487 
0037 0045 0155 0329 0344 0412 0881 1042 1130 1142 1281 1290 1300 1530 1581 1759 1839 1852 1865 1872 1880 1899 2007 2080 2095 2109 2235 2257 2302 2314 2322 2376 2388 2439 2511 2562 2699 2717 2765 2805 2808 2815 2937 3029 3075 3127 3146 3191 3339 3401 3504 3614 3634 3651 3679 3681 3749 3982 4031 4040 4146 4180 4210 4275 4382 
4120 
1709 1832 1923 2047 2264 2344 2835 2917 2966 2971 2978 3028 3308 
2237 3043 3840 
1838 1851 1879 1897 2094 2155 2202 2772 2963 3025 3074 3083 3101 3110 3135 3247 3285 3338 3345 
2386 
0560 
1369 
1506 4015 
0546 0887 3046 3757 
2518 
2343 
0266 0978 1020 1165 1264 1357 1378 1727 1974 1977 2506 2587 3691 3989 4055 4078 
3393 3428 3456 
0819 1561 4104 4208 
2759 
3161 3370 
2062 3195 
2680 
3597 3902 
0169 
2117 2822 
1610 
1645 1650 2651 2668 
2497 2814 2875 3151 
0380 0428 0435 0932 1294 1304 1495 1558 2948 3010 
0491 1707 1831 1847 1883 1889 1921 1965 1981 2015 2025 2446 2457 2821 2833 2840 2856 2879 2964 2970 2976 3093 3155 3251 3324 3392 3644 3649 3818 3827 3938 4186 4196 4222 
2433 4000 4115 
1414 
2223 
0042 
0276 0542 0856 0863 1012 1242 1268 1312 2406 2989 3451 3495 3502 3640 3687 3732 3826 3951 3980 4173 4205 4214 4235 4251 4303 4365 
0297 0301 0974 0985 1073 1278 1293 1330 1364 1843 1846 1875 1988 2053 2061 2087 2112 2129 2158 2194 2224 2342 2391 2412 2532 2543 2573 2582 2594 2605 2693 2727 2744 2779 3194 3226 3238 3526 3969 
0324 3186 3224 3416 3665 
2499 
2210 
0195 0493 0509 0705 2616 
1705 1741 1746 1753 1760 1769 1833 1895 1925 1928 1948 1951 1957 2283 2288 2291 2298 2303 2463 2762 2783 2848 2892 2906 2995 2999 3099 3328 3343 3350 3357 3656 
0245 0304 0785 0961 0996 1138 1296 1321 1428 1680 2365 2512 2611 2638 2677 2742 3228 3463 3530 3684 3692 3872 3948 4095 
0023 0852 1547 
1050 4006 
0988 1401 1891 2527 2754 2760 3095 
2352 2865 3516 
3059 
1983 
0002 0051 
0987 1135 1248 1276 1756 
2537 3802 
1646 1651 2652 2669 
2777 
0028 0102 2974 
0434 1045 2229 2487 3068 3992 
1665 1952 2304 2324 3591 
2337 
0163 0410 0477 0648 1011 1538 1577 2309 3032 3045 3411 3768 4352 
2763 
0591 1076 1292 2960 3204 3815 3935 3957 4183 4219 4268 4383 
4215 
2161 2186 
2220 
1107 2547 4182 
0077 0110 0116 0180 0215 0250 0303 0386 0400 0424 0441 0504 0750 0787 0867 0877 0888 0901 0943 1051 1083 1102 1149 1183 1256 1270 1348 1361 1407 1431 1436 1476 1482 1507 1517 1540 1574 1587 1715 1740 1824 1937 1998 2056 2075 2105 2251 2305 2318 2401 2408 2416 2478 2545 2585 2589 2617 2654 2660 2670 2686 2690 2721 2755 2776 2847 2881 2902 2913 2925 2929 2955 3016 3050 3115 3119 3235 3296 3364 3462 3563 3618 3689 3721 3758 3781 3792 3809 3834 3841 3860 3895 3930 4023 4047 4128 4135 4314 4356 4397 4404 4413 
1225 1240 
4008 
4149 
0065 3295 
1025 3027 3507 
3424 
0890 0908 4335 
0742 
1890 2011 3094 3331 3645 3737 4157 
2414 3065 3395 
0064 0071 0109 0124 0193 0383 0447 0490 0508 0704 0726 0736 0771 0806 1317 1452 1586 1593 1790 1813 2790 3742 4012 4025 4192 4230 
0686 
3754 
1291 
2415 3359 
1712 
2823 2838 
0738 3558 3592 
2464 3548 3630 
4247 
0121 0272 0377 0754 1169 1468 1722 1779 1815 2086 3008 4070 
0187 0357 0476 
2959 
0361 0368 0418 0460 0522 0623 0651 0672 0737 0772 0793 0817 0839 0875 0926 0954 0963 0969 0983 1008 1018 1163 1197 1200 1212 1219 1344 1375 1412 1454 1503 1532 1553 2330 2333 2535 3422 3543 4059 4076 4110 4148 4279 4290 4329 4379 4387 
1512 2923 3303 4019 4034 4141 
0573 0589 0831 0838 0993 1016 1017 1105 1196 1472 1480 1569 2036 2700 2979 3097 3220 3423 3704 3766 3778 3958 3986 4075 4203 
1052 
0748 1462 4063 
1028 
0919 1206 
1999 
1682 1687 2564 2569 2621 2657 2696 2725 2732 3390 
2630 
1984 
0140 0290 0321 
0099 1429 4003 
2592 
3189 3218 
2384 3318 
0833 3021 3776 
0081 0826 1568 3797 4124 
1446 
1819 3089 3334 
4296 
4342 
1632 
1926 1968 
2631 
2385 3319 
1417 3746 
3114 
3404 
2867 
2756 
0249 2069 
0503 1153 1516 4022 4082 
1237 
1295 
3198 
3287 3623 
0006 0053 1667 2325 2328 2394 2395 2629 
2540 3513 3805 3967 
2116 2152 2205 2775 
2708 
1154 
1985 2473 
0964 3953 
0899 4350 
1137 
0625 1022 
1699 
3418 
1464 2335 4065 
1332 3033 
3125 
0611 0762 1487 1649 1686 1997 2568 
2784 
0161 0801 1936 2079 2180 2886 2940 3143 3879 4367 
0073 0308 0564 0632 0847 0925 0949 1031 1062 1120 1211 1311 1382 1411 1492 2792 2820 2878 3154 3164 3183 3788 3911 3937 4090 4117 4212 4254 4306 
0401 0614 0642 1541 
2268 2813 
0569 1034 2315 
2133 2145 3268 
4285 
1257 
0745 4134 
1696 
2583 
2612 
1096 
0829 1032 1279 1365 1444 3233 3550 3639 3686 3731 3767 
2935 
0392 
1733 
2361 
0349 0649 4354 
1224 3544 3915 3977 4060 
1459 
1575 
3693 
3661 
0813 4298 
1773 
4403 
3433 
3346 
1994 2120 3245 
2488 2921 
1761 2292 2366 2639 2678 
2941 
2189 
0986 1121 1331 1430 4118 
0170 1308 2312 2320 2323 2345 2349 2356 2368 2909 2956 3774 4002 
0031 2471 2619 2689 
3738 
3853 
0675 3001 3168 
1603 1625 1659 1882 2009 2683 3082 3108 3258 3283 3341 
0178 0370 0382 0430 0432 0466 0794 0861 0933 1013 1171 1463 1496 1966 2255 2316 2334 2946 3012 3156 3275 3620 3725 4028 4053 4064 4384 4409 
2174 3481 
0299 
0292 0348 0595 0773 0927 1033 1116 1192 1233 1236 1280 1305 1319 1366 1376 1533 1783 1884 2139 2524 2704 3435 3528 3610 3770 3780 3819 3925 3972 3996 4162 4223 4380 
0268 1475 
0942 2501 
3963 
0168 2574 
0013 1599 1609 1619 
1449 3142 
1208 
3254 4087 
3988 
0437 0821 1563 3734 
0020 2736 
0061 0080 0083 0112 0119 0135 0158 0200 0212 0223 0237 0244 0254 0259 0269 0285 0314 0325 0335 0352 0364 0393 0396 0452 0472 0498 0506 0514 0519 0531 0552 0555 0579 0588 0603 0630 0639 0665 0669 0677 0683 0694 0710 0731 0746 0753 0796 0825 0845 0869 0892 0906 0958 1005 1070 1086 1097 1158 1173 1188 1217 1267 1314 1336 1396 1418 1421 1450 1460 1513 1551 1567 1713 1718 1730 1768 1777 1861 1913 1969 2058 2083 2134 2146 2170 2175 2196 2216 2270 2418 2422 2424 2480 2489 2498 2502 2538 2552 2620 2724 2731 2741 2788 2861 2905 2915 2942 2968 3005 3014 3019 3104 3176 3256 3269 3304 3349 3376 3384 3397 3419 3425 3429 3442 3473 3482 3485 3510 3540 3547 3561 3582 3631 3658 3670 3713 3728 3739 3747 3755 3796 3803 3830 3837 3849 3897 3942 4009 4020 4121 4156 4317 4324 4358 4369 4393 
0557 2530 
0273 0530 1816 1973 2050 3203 3210 
2681 
2299 3103 3531 3638 3685 
0188 0240 0294 0485 0627 0680 1047 1498 1694 1710 1734 1757 1835 1868 2091 2149 2156 2275 2430 2452 2495 2515 2734 2843 2994 3053 3060 3087 3106 3149 3169 3216 3242 3281 3301 3406 3454 3695 4112 4143 4262 
0973 
1222 1629 1666 2628 
2435 3355 
0448 0661 1554 3069 3361 3476 3956 
3829 
0085 4237 
2198 2957 
0209 0317 0384 0537 0539 0545 0590 0755 1175 1469 2973 3753 3901 4071 4311 
0141 0160 0571 0800 1960 2793 3159 3842 3913 3929 3939 3949 4323 4362 4390 
4049 
1271 1362 1674 2432 2890 4114 
1384 1523 2404 4085 4171 
0866 1055 2781 3413 4038 
2005 
2238 3140 
1627 1643 1655 2575 2626 2636 3873 
0780 0957 3493 4201 
2423 3486 
0922 
0243 
2561 2698 3650 
0032 
2294 2402 3347 
0837 3703 
2362 
1004 2513 3690 
0048 0186 0953 1182 1246 1275 1286 1342 1390 1521 3557 3633 4084 4127 
1934 
0036 0044 
2997 
0609 0760 1485 
2021 3886 
0468 
4294 
4068 4291 4376 
0844 
1302 
0584 0593 0968 0977 1101 2142 2165 2183 
3771 4252 4304 
4033 
3859 
0154 0166 0327 0484 1529 1580 2804 2927 4145 
0039 0087 0127 0151 0219 0346 0883 1044 1764 1801 1901 2466 2810 3057 3117 3129 3197 3616 3636 3824 3923 3984 4170 4195 4240 4277 
3523 
0040 
1605 1613 1638 1854 2099 2601 2614 2641 3077 
2842 
1356 4077 
3971 
2410 
0175 3055 3412 3500 3608 
0120 0376 0529 1113 1168 1467 1701 1721 1781 1822 2064 2085 2522 3314 3817 4069 4160 
1954 
1049 
0134 0587 0874 0972 0980 0994 0997 1078 1088 1104 1150 1184 1203 1252 1262 1289 1347 1353 1387 1406 1729 2546 2705 2723 3255 3441 3505 3810 3955 3975 3978 4088 4109 
1066 
1193 4401 
0467 0855 0934 1550 3157 
0405 0618 0646 0810 1545 4292 
0626 0679 0836 1023 3702 
0860 
1419 
0433 
0174 
1360 3565 4152 4406 
3546 3581 
0399 
0718 1573 
1108 1955 1967 2369 2548 2609 3469 3662 3811 4188 4226 
4313 
0057 0095 0203 0910 3748 4030 
0062 0479 1471 1527 3720 3762 3933 4073 4163 4176 4185 4221 4411 
0749 1820 
0602 3383 
3751 3847 4029 
3890 3906 
0453 0532 0581 0605 0695 0960 0982 1040 1090 1139 1162 1297 1747 2289 2357 
2730 
0371 0431 1785 2947 
4245 
1904 2042 3041 3838 3844 
2246 2301 
0089 0421 0905 2317 
0610 0761 1486 1648 1685 1996 2567 
0027 0101 
2608 2685 2701 3396 3431 
0690 
2082 2719 2767 3985 4057 
0893 1327 3696 
0196 0494 0510 0635 0706 0802 
1014 
0190 0664 1216 1228 2491 
3920 
2811 2924 
4341 
4337 
0035 
2447 
1441 4133 
0655 
0171 0415 1283 2313 3031 3438 
3388 3677 4155 
4381 
3360 
2462 
2882 3165 
1243 
2967 4368 
1598 1608 1618 
1254 2870 
1949 2338 2893 
2027 2115 2151 2204 2774 3246 4256 
0088 0279 0340 0359 0722 1465 3562 4066 
0233 1046 2514 
3694 
2990 3716 
3123 
0561 1702 1823 2060 2070 2078 2108 2828 3063 3067 3230 3237 3311 3856 
2071 3131 
0310 
0111 0505 0576 0598 0868 2057 2417 2479 2914 3052 3896 
0047 0130 0149 0232 0331 1671 1732 1787 1804 1830 1874 2030 2123 2232 2249 2486 2510 2577 2801 2855 2896 2899 2939 2953 3148 3178 3250 3378 3403 3447 3449 3489 3574 3672 3683 3799 3864 3881 3947 3965 4168 4179 4261 
1322 2234 2375 2438 
0076 1427 2215 3004 3459 3541 3791 3899 
4308 
1093 3917 4266 
0015 
1876 
0060 0157 1531 1552 1582 2806 2816 4147 
0832 3775 
0779 0786 0795 0956 1260 4200 
0455 0697 
1818 3333 
2901 
1439 4131 
1536 
0862 1494 
0074 0198 0210 0221 0235 0257 0283 0312 0333 0362 0394 0470 0496 0512 0565 0633 0637 0657 0667 0681 0708 0729 0848 0854 0944 1026 1207 1493 1549 1664 1907 1919 2102 2126 2166 2222 2482 2578 2648 2688 2831 2845 2900 3090 3179 3261 3298 3379 3575 3673 3789 3882 3912 3966 4091 
1539 2035 2606 3785 
0252 0414 1932 2141 4140 
4347 
3518 
1600 
0624 
1862 
2107 2267 2874 3229 
1072 1927 2836 
0230 0265 0280 0296 0341 0351 0360 0465 0517 0535 0915 
3517 3598 
0177 0700 
0115 0984 1164 1726 3820 
0526 1071 1110 1189 2551 3814 
1433 
1848 1886 3137 
0059 
0789 
3113 
1863 
0253 0865 1054 4037 
2017 2040 
1413 3051 4231 4334 
0010 
0558 0568 
1743 2031 2296 2445 2768 3310 3330 3648 
0783 1063 1074 1091 1473 4272 4353 
1962 3588 
3961 
3374 3626 
2769 
1706 1834 1866 1920 2045 2090 2104 2128 2137 2148 2167 2177 2206 2245 2261 2265 2346 2832 2918 3241 3263 3271 3280 
2922 
0000 0049 1630 1633 1657 1663 1698 1738 1826 1888 1918 1964 1991 2101 2125 2285 2389 2451 2456 2481 2584 2647 2687 2702 2747 2830 2844 2888 2992 3092 3260 3297 3467 3571 3643 
0912 
0461 
1057 
1127 
2341 
2363 
3366 
0870 1751 3998 
0408 0767 
1368 
2469 
0807 
2372 2387 
0676 1349 3294 3727 
2217 
2588 2653 
0620 1438 4130 
2329 
0008 0055 1669 2327 
1902 
2193 
3358 
2103 2127 2136 2244 3262 
0091 
1817 3088 3332 
2434 3354 
0411 0896 0920 2159 2396 3699 
1929 2846 2885 
3919 
2208 
1383 2192 4234 
0544 
3386 3675 
4320 
0217 0247 0255 2871 3193 
3200 
3931 
2503 
0570 0769 1077 1125 1373 1408 1518 3455 3579 4024 4136 
3981 
4282 
0791 4373 4386 
0033 
1129 
2033 
0621 
0540 
0551 
2038 
0533 3611 4100 
1992 2454 
3227 3252 
2308 
2185 
1059 1329 1510 3891 
1844 1989 2054 2130 2443 2477 2745 
1683 1688 2565 2570 2622 2658 2697 2726 2733 3391 
0607 0758 1483 
0142 0416 0488 0592 0841 1029 1118 1132 1195 1209 1490 1576 1704 1828 1845 1877 1892 1893 1917 1947 1963 1990 2012 2043 2131 2160 2173 2199 2230 2242 2311 2331 2397 2444 2459 2520 2531 2542 2556 2581 2695 2746 2794 2818 2829 2837 2853 2876 2945 2982 3022 3096 3132 3152 3225 3266 3320 3335 3389 3457 3466 3487 3537 3555 3570 3589 3647 3655 3707 3764 3786 3845 3962 3993 4158 4216 4355 
0038 0046 0117 0123 0126 0129 0136 0138 0143 0148 0150 0156 0159 0165 0181 0185 0189 0192 0201 0207 0213 0218 0224 0228 0231 0238 0241 0251 0260 0263 0267 0271 0278 0286 0288 0315 0323 0326 0330 0336 0339 0345 0353 0355 0365 0375 0391 0397 0413 0419 0439 0442 0446 0450 0473 0483 0486 0489 0499 0502 0515 0520 0525 0553 0577 0580 0583 0599 0604 0628 0640 0663 0670 0678 0684 0692 0711 0716 0732 0751 0778 0827 0835 0843 0851 0882 0885 0889 0907 0914 0955 0959 0976 0981 1006 1021 1030 1043 1048 1061 1065 1068 1084 1089 1100 1112 1156 1159 1161 1181 1186 1210 1223 1245 1259 1265 1285 1325 1334 1341 1358 1379 1381 1389 1397 1410 1416 1448 1491 1504 1534 1546 1579 1584 1588 1602 1612 1622 1624 1634 1637 1640 1658 1670 1673 1711 1716 1719 1723 1728 1731 1762 1766 1775 1780 1786 1795 1800 1803 1808 1811 1814 1821 1829 1836 1849 1853 1856 1859 1873 1878 1881 1900 1905 1931 1970 1975 1979 2004 2008 2013 2023 2029 2044 2048 2059 2063 2073 2076 2081 2084 2089 2092 2096 2106 2110 2114 2122 2132 2135 2140 2144 2147 2150 2171 2176 2188 2197 2200 2214 2231 2236 2240 2243 2248 2259 2263 2271 2276 2306 2371 2378 2398 2409 2419 2431 2441 2448 2453 2460 2485 2490 2496 2516 2521 2536 2539 2550 2553 2600 2603 2613 2618 2633 2640 2663 2682 2712 2718 2722 2729 2739 2751 2770 2786 2789 2791 2795 2800 2803 2809 2819 2826 2854 2858 2862 2873 2877 2895 2898 2903 2911 2916 2920 2926 2930 2938 2943 2952 2961 2983 2986 3006 3023 3037 3042 3047 3056 3061 3064 3072 3076 3079 3081 3102 3107 3116 3124 3128 3133 3147 3150 3153 3160 3163 3166 3174 3177 3182 3185 3196 3201 3208 3236 3240 3243 3249 3257 3267 3279 3282 3302 3305 3313 3315 3336 3340 3365 3377 3382 3394 3398 3402 3415 3417 3427 3430 3443 3446 3448 3471 3483 3488 3491 3508 3511 3535 3556 3559 3564 3568 3573 3590 3593 3615 3629 3632 3635 3652 3664 3671 3682 3701 3719 3722 3729 3736 3744 3750 3782 3787 3798 3801 3804 3813 3816 3821 3823 3828 3839 3854 3863 3877 3880 3908 3910 3922 3936 3940 3943 3946 3964 3983 3990 3997 4007 4079 4113 4116 4126 4139 4151 4159 4167 4169 4178 4190 4194 4199 4211 4228 4239 4253 4257 4260 4269 4276 4284 4305 4309 4315 4318 4325 4330 4361 4389 4405 
0216 1778 3637 4056 4246 4312 
2972 3646 4243 4267 
1147 2625 3130 3867 3976 4202 
0176 0379 0427 0622 0792 0816 0940 1557 2253 2332 3009 3290 3708 4026 
0478 
1572 2507 4359 4400 
0688 2975 3205 3667 4249 4301 
0104 0367 0417 0458 0714 0878 1443 1477 1591 2319 2766 2954 3030 3054 3223 3407 3525 3538 3607 3928 3994 4004 4051 4278 4328 4377 
0574 
3134 
1082 1945 
1935 4184 4220 
0277 3206 
0113 1796 1841 1911 2425 2558 2713 2812 3322 
1058 
1326 
1170 3381 
1069 1187 2711 
3599 3601 
0777 0939 1038 1136 1218 1231 1249 1250 1269 1277 2541 2984 3426 3474 3514 3806 3968 
0086 0133 0147 0197 0226 0275 0281 0422 0469 0480 0495 0511 0541 0562 0582 0586 0636 0673 0702 0707 0720 0723 0739 0776 0803 0873 0913 0935 0946 0950 0965 0971 0989 0992 1039 1053 1099 1109 1124 1140 1202 1214 1226 1230 1238 1241 1244 1261 1288 1298 1333 1339 1346 1352 1385 1388 1391 1400 1402 1405 1455 1466 1509 1524 1662 1679 1752 1755 1784 1793 1807 1858 1903 1930 1956 1961 2001 2028 2118 2219 2227 2239 2290 2300 2351 2364 2405 2450 2476 2525 2549 2610 2646 2667 2749 2753 2799 2825 2851 2864 2872 2883 2889 2985 2998 3040 3122 3141 3158 3187 3199 3253 3278 3292 3312 3362 3439 3445 3470 3501 3515 3587 3595 3628 3663 3772 3812 3843 3870 3875 3885 3918 3945 3954 3974 4016 4035 4042 4061 4067 4086 4093 4101 4108 4172 4189 4213 4227 4238 4241 4244 4255 4259 4265 4307 4321 4364 
3666 
1647 1684 2566 
1661 1678 1714 1837 1850 1896 1971 2093 2154 2201 2348 2355 2421 2643 2666 2750 2771 2860 2904 2962 3024 3073 3100 3109 3284 3326 3337 3344 3472 3509 
3375 
3711 
2218 
0385 0757 
0022 
2662 
1606 
1758 3460 3542 3900 
1754 3479 
1675 1763 4357 
3539 
1213 2226 
3669 
4395 
0463 0534 0547 0728 0916 
2597 
3044 
0999 1080 1087 2420 2859 
0995 
1009 
3717 
3049 
2591 
0234 1774 3356 4154 
2340 
0713 2716 
0005 0404 0612 0617 0645 0763 0809 0895 1488 1544 3519 3600 3698 4293 
1616 1623 1641 1857 2097 2604 2634 2664 3080 
0613 0764 1489 
1282 3299 
3520 
0114 0137 0144 1676 1724 1797 1809 1842 1980 2024 2554 2559 2714 2752 2796 2863 2907 2987 3323 3399 3421 3444 3822 3944 4258 4310 
3034 
1309 2172 2910 
4346 
0194 0372 0475 0941 0998 1079 1106 1481 1570 1626 1660 1791 1894 1953 1986 2051 2138 2169 2179 2191 2195 2225 2233 2250 2254 2392 2413 2437 2504 2533 2544 2580 2595 2615 2624 2635 2642 2659 2665 2679 2684 2780 2919 2958 3084 3098 3111 3211 3221 3286 3342 3369 3475 3532 3567 3572 3609 3622 3660 3709 3769 3800 3808 3914 3970 3987 3995 4374 
1993 2119 3244 
2066 3139 
1642 1677 1725 2046 2207 2374 2380 2474 2493 2560 2607 2715 3026 3272 3668 4161 4402 4412 
1748 
0666 2010 2656 3181 
0426 0815 0871 1372 1556 4074 4106 4287 
1750 
0072 0191 0300 4370 
0295 0350 0549 0567 0647 0654 0952 0967 1303 1453 1502 1508 1825 1978 2211 2623 3248 3549 3715 4058 4083 
0342 0842 2390 2778 
1636 
1134 1145 1199 1247 1343 2373 2436 2969 3865 
1392 
0979 1103 
3576 
1354 1742 1939 2277 2284 2321 2379 2442 2449 2461 2849 3351 
2383 2508 2852 3215 
0482 0662 0691 0859 0903 1015 1571 1597 1607 1617 1950 2100 2124 2184 2262 2528 2761 2894 2991 3071 3259 3480 4164 
0390 
1924 2367 2644 2674 3327 3432 
2399 
2470 
0699 1146 1179 2980 2988 3494 3705 3825 3851 3857 3866 3887 3903 3950 3979 4204 4233 4391 
0246 3192 
1133 1174 1198 
1141 1166 1176 1178 1190 
1620 
0026 0100 
0246391 001 000000 
0246391 002 000006 
0246391 001 000017 
0246391 001 000023 
0246391 001 000029 
0246391 001 000035 
0246391 001 000041 
0246391 001 000047 
0246391 001 000053 
0246391 001 000059 
0246391 001 000065 
0246391 001 000071 
0246391 001 000077 
0246391 002 000083 
0246391 001 000094 
0246391 001 000100 
0246391 001 000106 
0246391 001 000112 
0246391 001 000118 
0246391 001 000124 
0246391 003 000130 
0246391 001 000146 
0246391 004 000152 
0246391 005 000173 
0246391 005 000199 
0246391 001 000225 
0246391 006 000231 
0246391 001 000262 
0246391 005 000268 
0246391 001 000294 
0246391 001 000300 
0246391 001 000306 
0246391 001 000312 
0246391 001 000318 
0246391 001 000324 
0246391 001 000330 
0246391 001 000336 
0246391 001 000342 
0246391 001 000348 
0246391 001 000354 
0246391 001 000360 
0246391 001 000366 
0246391 001 000372 
0246391 001 000378 
0246391 001 000384 
0246391 001 000390 
0246391 008 000396 
0246391 014 000437 
0246391 001 000508 
0246391 001 000514 
0246391 001 000520 
0246391 001 000526 
0246391 001 000532 
0246391 004 000538 
0246391 002 000559 
0246391 001 000570 
0246391 001 000576 
0246391 002 000582 
0246391 001 000593 
0246391 004 000599 
0246391 001 000620 
0246391 001 000626 
0246391 001 000632 
0246391 001 000638 
0246391 001 000644 
0246391 001 000650 
0246391 001 000656 
0246391 077 000662 
0246391 001 001048 
0246391 001 001054 
0246391 004 001060 
0246391 001 001081 
0246391 001 001087 
0246391 002 001093 
0246391 001 001104 
0246391 001 001110 
0246391 001 001116 
0246391 001 001122 
0246391 001 001128 
0246391 001 001134 
0246391 004 001140 
0246391 001 001161 
0246391 001 001167 
0246391 001 001173 
0246391 001 001179 
0246391 002 001185 
0246391 002 001196 
0246391 001 001207 
0246391 001 001213 
0246391 005 001219 
0246391 003 001245 
0246391 005 001261 
0246391 001 001287 
0246391 002 001293 
0246391 001 001304 
0246391 008 001310 
0246391 003 001351 
0246391 001 001367 
0246391 003 001373 
0246391 001 001389 
0246391 004 001395 
0246391 013 001416 
0246391 002 001482 
0246391 001 001493 
0246391 073 001499 
0246391 011 001865 
0246391 001 001921 
0246391 001 001927 
0246391 004 001933 
0246391 001 001954 
0246391 002 001960 
0246391 007 001971 
0246391 004 002007 
0246391 006 002028 
0246391 006 002059 
0246391 001 002090 
0246391 001 002096 
0246391 001 002102 
0246391 004 002108 
0246391 001 002129 
0246391 001 002135 
0246391 001 002141 
0246391 002 002147 
0246391 002 002158 
0246391 034 002169 
0246391 005 002340 
0246391 002 002366 
0246391 001 002377 
0246391 001 002383 
0246391 014 002389 
0246391 001 002460 
0246391 001 002466 
0246391 002 002472 
0246391 002 002483 
0246391 001 002494 
0246391 001 002500 
0246391 001 002506 
0246391 001 002512 
0246391 001 002518 
0246391 002 002524 
0246391 001 002535 
0246391 001 002541 
0246391 042 002547 
0246391 001 002758 
0246391 008 002764 
0246391 030 002805 
0246391 002 002956 
0246391 006 002967 
0246391 001 002998 
0246391 001 003004 
0246391 002 003010 
0246391 006 003021 
0246391 004 003052 
0246391 001 003073 
0246391 001 003079 
0246391 001 003085 
0246391 008 003091 
0246391 001 003132 
0246391 005 003138 
0246391 001 003164 
0246391 035 003170 
0246391 006 003346 
0246391 007 003377 
0246391 002 003413 
0246391 002 003424 
0246391 001 003435 
0246391 007 003441 
0246391 001 003477 
0246391 001 003483 
0246391 023 003489 
0246391 001 003605 
0246391 001 003611 
0246391 001 003617 
0246391 001 003623 
0246391 001 003629 
0246391 003 003635 
0246391 003 003651 
0246391 002 003667 
0246391 002 003678 
0246391 003 003689 
0246391 001 003705 
0246391 003 003711 
0246391 002 003727 
0246391 013 003738 
0246391 002 003804 
0246391 005 003815 
0246391 002 003841 
0246391 007 003852 
0246391 001 003888 
0246391 003 003894 
0246391 005 003910 
0246391 002 003936 
0246391 001 003947 
0246391 005 003953 
0246391 004 003979 
0246391 001 004000 
0246391 001 004006 
0246391 002 004012 
0246391 003 004023 
0246391 002 004039 
0246391 001 004050 
0246391 004 004056 
0246391 002 004077 
0246391 001 004088 
0246391 001 004094 
0246391 001 004100 
0246391 002 004106 
0246391 002 004117 
0246391 001 004128 
0246391 001 004134 
0246391 001 004140 
0246391 001 004146 
0246391 002 004152 
0246391 002 004163 
0246391 002 004174 
0246391 001 004185 
0246391 001 004191 
0246391 001 004197 
0246391 001 004203 
0246391 001 004209 
0246391 003 004215 
0246391 001 004231 
0246391 002 004237 
0246391 001 004248 
0246391 010 004254 
0246391 013 004305 
0246391 005 004371 
0246391 020 004397 
0246391 020 004498 
0246391 004 004599 
0246391 001 004620 
0246391 007 004626 
0246391 002 004662 
0246391 002 004673 
0246391 002 004684 
0246391 003 004695 
0246391 004 004711 
0246391 002 004732 
0246391 003 004743 
0246391 002 004759 
0246391 002 004770 
0246391 001 004781 
0246391 001 004787 
0246391 006 004793 
0246391 004 004824 
0246391 001 004845 
0246391 001 004851 
0246391 004 004857 
0246391 002 004878 
0246391 001 004889 
0246391 001 004895 
0246391 002 004901 
0246391 004 004912 
0246391 001 004933 
0246391 001 004939 
0246391 001 004945 
0246391 001 004951 
0246391 001 004957 
0246391 002 004963 
0246391 004 004974 
0246391 001 004995 
0246391 001 005001 
0246391 019 005007 
0246391 003 005103 
0246391 005 005119 
0246391 003 005145 
0246391 002 005161 
0246391 005 005172 
0246391 001 005198 
0246391 002 005204 
0246391 002 005215 
0246391 003 005226 
0246391 001 005242 
0246391 008 005248 
0246391 001 005289 
0246391 003 005295 
0246391 001 005311 
0246391 001 005317 
0246391 002 005323 
0246391 002 005334 
0246391 001 005345 
0246391 003 005351 
0246391 002 005367 
0246391 004 005378 
0246391 001 005399 
0246391 001 005405 
0246391 001 005411 
0246391 016 005417 
0246391 002 005498 
0246391 004 005509 
0246391 003 005530 
0246391 003 005546 
0246391 001 005562 
0246391 023 005568 
0246391 001 005684 
0246391 001 005690 
0246391 005 005696 
0246391 007 005722 
0246391 001 005758 
0246391 001 005764 
0246391 002 005770 
0246391 001 005781 
0246391 001 005787 
0246391 001 005793 
0246391 001 005799 
0246391 001 005805 
0246391 001 005811 
0246391 013 005817 
0246391 005 005883 
0246391 002 005909 
0246391 001 005920 
0246391 002 005926 
0246391 002 005937 
0246391 002 005948 
0246391 001 005959 
0246391 005 005965 
0246391 001 005991 
0246391 004 005997 
0246391 001 006018 
0246391 007 006024 
0246391 002 006060 
0246391 004 006071 
0246391 001 006092 
0246391 001 006098 
0246391 065 006104 
0246391 001 006430 
0246391 013 006436 
0246391 003 006502 
0246391 019 006518 
0246391 001 006614 
0246391 001 006620 
0246391 001 006626 
0246391 002 006632 
0246391 004 006643 
0246391 001 006664 
0246391 001 006670 
0246391 016 006676 
0246391 003 006757 
0246391 004 006773 
0246391 001 006794 
0246391 002 006800 
0246391 002 006811 
0246391 001 006822 
0246391 002 006828 
0246391 001 006839 
0246391 002 006845 
0246391 001 006856 
0246391 004 006862 
0246391 004 006883 
0246391 010 006904 
0246391 034 006955 
0246391 003 007126 
0246391 001 007142 
0246391 001 007148 
0246391 001 007154 
0246391 026 007160 
0246391 039 007291 
0246391 005 007487 
0246391 001 007513 
0246391 001 007519 
0246391 005 007525 
0246391 032 007551 
0246391 024 007712 
0246391 003 007833 
0246391 002 007849 
0246391 007 007860 
0246391 003 007896 
0246391 001 007912 
0246391 001 007918 
0246391 002 007924 
0246391 005 007935 
0246391 002 007961 
0246391 004 007972 
0246391 001 007993 
0246391 003 007999 
0246391 006 008015 
0246391 005 008046 
0246391 001 008072 
0246391 013 008078 
0246391 001 008144 
0246391 012 008150 
0246391 001 008211 
0246391 002 008217 
0246391 001 008228 
0246391 003 008234 
0246391 102 008250 
0246391 002 008761 
0246391 001 008772 
0246391 001 008778 
0246391 002 008784 
0246391 003 008795 
0246391 001 008811 
0246391 003 008817 
0246391 001 008833 
0246391 007 008839 
0246391 003 008875 
0246391 026 008891 
0246391 001 009022 
0246391 001 009028 
0246391 001 009034 
0246391 002 009040 
0246391 001 009051 
0246391 002 009057 
0246391 003 009068 
0246391 003 009084 
0246391 001 009100 
0246391 012 009106 
0246391 003 009167 
0246391 001 009183 
0246391 047 009189 
0246391 006 009425 
0246391 025 009456 
0246391 001 009582 
0246391 003 009588 
0246391 001 009604 
0246391 002 009610 
0246391 001 009621 
0246391 010 009627 
0246391 001 009678 
0246391 001 009684 
0246391 003 009690 
0246391 003 009706 
0246391 001 009722 
0246391 002 009728 
0246391 002 009739 
0246391 003 009750 
0246391 005 009766 
0246391 001 009792 
0246391 003 009798 
0246391 001 009814 
0246391 001 009820 
0246391 001 009826 
0246391 002 009832 
0246391 001 009843 
0246391 002 009849 
0246391 002 009860 
0246391 001 009871 
0246391 001 009877 
0246391 001 009883 
0246391 001 009889 
0246391 002 009895 
0246391 005 009906 
0246391 001 009932 
0246391 001 009938 
0246391 001 009944 
0246391 002 009950 
0246391 008 009961 
0246391 004 010002 
0246391 004 010023 
0246391 001 010044 
0246391 001 010050 
0246391 002 010056 
0246391 002 010067 
0246391 002 010078 
0246391 001 010089 
0246391 002 010095 
0246391 001 010106 
0246391 001 010112 
0246391 003 010118 
0246391 002 010134 
0246391 001 010145 
0246391 007 010151 
0246391 001 010187 
0246391 010 010193 
0246391 029 010244 
0246391 004 010390 
0246391 002 010411 
0246391 003 010422 
0246391 003 010438 
0246391 001 010454 
0246391 001 010460 
0246391 002 010466 
0246391 001 010477 
0246391 001 010483 
0246391 001 010489 
0246391 001 010495 
0246391 011 010501 
0246391 001 010557 
0246391 001 010563 
0246391 001 010569 
0246391 001 010575 
0246391 003 010581 
0246391 005 010597 
0246391 001 010623 
0246391 001 010629 
0246391 001 010635 
0246391 001 010641 
0246391 002 010647 
0246391 001 010658 
0246391 001 010664 
0246391 001 010670 
0246391 001 010676 
0246391 003 010682 
0246391 002 010698 
0246391 005 010709 
0246391 001 010735 
0246391 001 010741 
0246391 005 010747 
0246391 013 010773 
0246391 004 010839 
0246391 001 010860 
0246391 001 010866 
0246391 003 010872 
0246391 011 010888 
0246391 028 010944 
0246391 002 011085 
0246391 001 011096 
0246391 033 011102 
0246391 002 011268 
0246391 002 011279 
0246391 001 011290 
0246391 002 011296 
0246391 004 011307 
0246391 002 011328 
0246391 001 011339 
0246391 002 011345 
0246391 001 011356 
0246391 004 011362 
0246391 002 011383 
0246391 156 011394 
0246391 002 012175 
0246391 007 012186 
0246391 001 012222 
0246391 005 012228 
0246391 041 012254 
0246391 001 012460 
0246391 004 012466 
0246391 002 012487 
0246391 007 012498 
0246391 001 012534 
0246391 002 012540 
0246391 002 012551 
0246391 015 012562 
0246391 015 012638 
0246391 001 012714 
0246391 006 012720 
0246391 005 012751 
0246391 005 012777 
0246391 001 012803 
0246391 002 012809 
0246391 007 012820 
0246391 004 012856 
0246391 002 012877 
0246391 001 012888 
0246391 001 012894 
0246391 003 012900 
0246391 001 012916 
0246391 003 012922 
0246391 002 012938 
0246391 001 012949 
0246391 003 012955 
0246391 014 012971 
0246391 001 013042 
0246391 002 013048 
0246391 001 013059 
0246391 003 013065 
0246391 002 013081 
0246391 001 013092 
0246391 001 013098 
0246391 003 013104 
0246391 001 013120 
0246391 001 013126 
0246391 008 013132 
0246391 003 013173 
0246391 001 013189 
0246391 001 013195 
0246391 009 013201 
0246391 026 013247 
0246391 001 013378 
0246391 001 013384 
0246391 009 013390 
0246391 001 013436 
0246391 002 013442 
0246391 001 013453 
0246391 001 013459 
0246391 005 013465 
0246391 017 013491 
0246391 001 013577 
0246391 001 013583 
0246391 033 013589 
0246391 001 013755 
0246391 002 013761 
0246391 005 013772 
0246391 006 013798 
0246391 005 013829 
0246391 001 013855 
0246391 001 013861 
0246391 001 013867 
0246391 001 013873 
0246391 004 013879 
0246391 002 013900 
0246391 001 013911 
0246391 002 013917 
0246391 011 013928 
0246391 001 013984 
0246391 006 013990 
0246391 013 014021 
0246391 002 014087 
0246391 002 014098 
0246391 003 014109 
0246391 002 014125 
0246391 015 014136 
0246391 001 014212 
0246391 004 014218 
0246391 001 014239 
0246391 005 014245 
0246391 002 014271 
0246391 004 014282 
0246391 007 014303 
0246391 002 014339 
0246391 005 014350 
0246391 001 014376 
0246391 005 014382 
0246391 003 014408 
0246391 006 014424 
0246391 001 014455 
0246391 005 014461 
0246391 001 014487 
0246391 002 014493 
0246391 001 014504 
0246391 001 014510 
0246391 001 014516 
0246391 001 014522 
0246391 002 014528 
0246391 001 014539 
0246391 006 014545 
0246391 003 014576 
0246391 001 014592 
0246391 001 014598 
0246391 001 014604 
0246391 002 014610 
0246391 001 014621 
0246391 002 014627 
0246391 003 014638 
0246391 002 014654 
0246391 003 014665 
0246391 007 014681 
0246391 008 014717 
0246391 003 014758 
0246391 001 014774 
0246391 002 014780 
0246391 001 014791 
0246391 014 014797 
0246391 002 014868 
0246391 001 014879 
0246391 011 014885 
0246391 043 014941 
0246391 004 015157 
0246391 008 015178 
0246391 001 015219 
0246391 003 015225 
0246391 001 015241 
0246391 001 015247 
0246391 008 015253 
0246391 002 015294 
0246391 006 015305 
0246391 002 015336 
0246391 002 015347 
0246391 001 015358 
0246391 002 015364 
0246391 001 015375 
0246391 002 015381 
0246391 055 015392 
0246391 004 015668 
0246391 005 015689 
0246391 001 015715 
0246391 001 015721 
0246391 001 015727 
0246391 001 015733 
0246391 001 015739 
0246391 004 015745 
0246391 003 015766 
0246391 011 015782 
0246391 002 015838 
0246391 002 015849 
0246391 005 015860 
0246391 006 015886 
0246391 001 015917 
0246391 003 015923 
0246391 001 015939 
0246391 001 015945 
0246391 001 015951 
0246391 001 015957 
0246391 004 015963 
0246391 002 015984 
0246391 004 015995 
0246391 001 016016 
0246391 002 016022 
0246391 008 016033 
0246391 007 016074 
0246391 002 016110 
0246391 001 016121 
0246391 002 016127 
0246391 001 016138 
0246391 023 016144 
0246391 001 016260 
0246391 035 016266 
0246391 001 016442 
0246391 001 016448 
0246391 001 016454 
0246391 001 016460 
0246391 001 016466 
0246391 001 016472 
0246391 001 016478 
0246391 003 016484 
0246391 002 016500 
0246391 001 016511 
0246391 001 016517 
0246391 001 016523 
0246391 002 016529 
0246391 004 016540 
0246391 001 016561 
0246391 002 016567 
0246391 003 016578 
0246391 001 016594 
0246391 004 016600 
0246391 001 016621 
0246391 001 016627 
0246391 001 016633 
0246391 005 016639 
0246391 001 016665 
0246391 003 016671 
0246391 002 016687 
0246391 006 016698 
0246391 003 016729 
0246391 001 016745 
0246391 001 016751 
0246391 003 016757 
0246391 001 016773 
0246391 002 016779 
0246391 001 016790 
0246391 005 016796 
0246391 001 016822 
0246391 001 016828 
0246391 001 016834 
0246391 011 016840 
0246391 001 016896 
0246391 001 016902 
0246391 003 016908 
0246391 001 016924 
0246391 001 016930 
0246391 001 016936 
0246391 001 016942 
0246391 001 016948 
0246391 001 016954 
0246391 001 016960 
0246391 003 016966 
0246391 002 016982 
0246391 002 016993 
0246391 001 017004 
0246391 001 017010 
0246391 004 017016 
0246391 007 017037 
0246391 010 017073 
0246391 003 017124 
0246391 077 017140 
0246391 427 017526 
0246391 006 019662 
0246391 004 019693 
0246391 006 019714 
0246391 014 019745 
0246391 001 019816 
0246391 004 019822 
0246391 006 019843 
0246391 026 019874 
0246391 001 020005 
0246391 001 020011 
0246391 002 020017 
0246391 003 020028 
0246391 002 020044 
0246391 009 020055 
0246391 001 020101 
0246391 001 020107 
0246391 002 020113 
0246391 003 020124 
0246391 002 020140 
0246391 017 020151 
0246391 157 020237 
0246391 001 021023 
0246391 003 021029 
0246391 030 021045 
0246391 001 021196 
0246391 001 021202 
0246391 001 021208 
0246391 002 021214 
0246391 001 021225 
0246391 001 021231 
0246391 001 021237 
0246391 004 021243 
0246391 002 021264 
0246391 003 021275 
0246391 001 021291 
0246391 002 021297 
0246391 001 021308 
0246391 001 021314 
0246391 005 021320 
0246391 001 021346 
0246391 001 021352 
0246391 005 021358 
0246391 001 021384 
0246391 001 021390 
0246391 001 021396 
0246391 001 021402 
0246391 001 021408 
0246391 004 021414 
0246391 001 021435 
0246391 002 021441 
0246391 014 021452 
0246391 009 021523 
0246391 003 021569 
0246391 002 021585 
0246391 001 021596 
0246391 026 021602 
0246391 001 021733 
0246391 003 021739 
0246391 001 021755 
0246391 068 021761 
0246391 003 022102 
0246391 002 022118 
0246391 018 022129 
0246391 001 022220 
0246391 004 022226 
0246391 008 022247 
0246391 001 022288 
0246391 004 022294 
0246391 021 022315 
0246391 004 022421 
0246391 001 022442 
0246391 009 022448 
0246391 001 022494 
0246391 002 022500 
0246391 001 022511 
0246391 012 022517 
0246391 004 022578 
0246391 023 022599 
0246391 001 022715 
0246391 006 022721 
0246391 001 022752 
0246391 001 022758 
0246391 018 022764 
0246391 002 022855 
0246391 003 022866 
0246391 005 022882 
0246391 001 022908 
0246391 002 022914 
246391 41.310040047741175
